-0.006815019  0.003055050  0.012925119  0.022795188  0.032665258  0.042535327 
 0.052405396  0.062275465  0.072145535  0.082015604  0.091885673  0.101755742 
 0.111625812  0.121495881  0.131365950  0.141236019  0.151106089  0.160976158 
 0.170846227  0.180716297  0.190586366  0.200456435  0.210326504  0.220007236 
 0.229558009  0.239108783  0.248659557  0.258210330  0.267761104  0.277311877 
 0.286862651  0.296413425  0.305964198  0.315514972  0.325065746  0.334616519 
 0.344167293  0.353718066  0.363268840  0.372819614  0.382370387  0.391921161 
 0.401471935  0.411022708  0.420573482  0.430124255  0.439675029  0.449225803 
 0.458776576  0.468327350  0.477878124  0.487428897  0.496979671  0.506530444 
 0.516081218  0.525631992  0.535182765  0.544733539  0.554284313  0.563835086 
 0.573385860  0.582936633  0.592487407  0.602038181  0.611588954  0.621139728 
 0.630690502  0.640241275  0.649792049  0.659342822  0.668893596  0.678444370 
 0.687995143  0.697545917  0.707096691  0.716647464  0.726198238  0.735749011 
 0.745299785  0.754850559  0.764401332  0.773952106  0.783502880  0.793053653 
 0.802604427  0.812155200  0.821705974  0.831256748  0.840807521  0.850358295 
 0.859909069  0.869459842  0.879010616  0.888561389  0.898112163  0.907662937 
 0.917213710  0.926764484  0.936315258  0.945866031  0.955416805  0.964967578 
 0.974518352  0.984069126  0.993619899  1.003170673 

  0.0000000000 0.0007420017 0.0130068526 0.0178080398 0.0294181834
  0.0395879708 0.0483174021 0.0631137881 0.0803980621 0.0935358561
  0.1027454061 0.1075902405 0.1217755663 0.1229103924 0.1258347519
  0.1301558203 0.1426389071 0.1551656410 0.1579590590 0.1598795338
  0.1659901357 0.1807865218 0.1918728995 0.2058836367 0.2095499978
  0.2211601414 0.2264850945 0.2445113701 0.2607044651 0.2642398848
  0.2778141504 0.2924359478 0.2992012570 0.3132556414 0.3267426127
  0.3328532146 0.3486534852 0.3571646807 0.3668107023 0.3692985902
  0.3871502772 0.3943957051 0.3953559426 0.4079263236 0.4155209288
  0.4263017764 0.4410545153 0.4545851338 0.4588625551 0.4761904762
  0.4841342587 0.4948714591 0.5126358518 0.5191392781 0.5276068264
  0.5350704902 0.5481209899 0.5540570032 0.5673693859 0.5843044826
  0.5982715726 0.6033346427 0.6204879752 0.6219719785 0.6264239885
  0.6364191873 0.6541835799 0.6684998472 0.6749596264 0.6891013050
  0.6932477849 0.7101392344 0.7125398280 0.7179957226 0.7184321941
  0.7359783510 0.7369822356 0.7512548557 0.7520841517 0.7588931081
  0.7601152285 0.7678844223 0.7854305792 0.7933307145 0.7962550740
  0.8041115621 0.8123172275 0.8236654882 0.8270263192 0.8284230282
  0.8303871503 0.8385491685 0.8547859107 0.8690148837 0.8867792763
  0.8929771725 0.8958142377 0.9088210903 0.9234865349 0.9319540832
 0.9405525730 0.9577059055 0.9691851076 0.9814499585 0.9883898564
 1.0000000000

  0.00000000 0.00952381 0.01904762 0.02857143 0.03809524 0.04761905
  0.05714286 0.06666667 0.07619048 0.08571429 0.09523810 0.10476190
  0.11428571 0.12380952 0.13333333 0.14285714 0.15238095 0.16190476
  0.17142857 0.18095238 0.19047619 0.20000000 0.20952381 0.21904762
  0.22857143 0.23809524 0.24761905 0.25714286 0.26666667 0.27619048
  0.28571429 0.29523810 0.30476190 0.31428571 0.32380952 0.33333333
  0.34285714 0.35238095 0.36190476 0.37142857 0.38095238 0.39047619
  0.40000000 0.40952381 0.41904762 0.42857143 0.43809524 0.44761905
  0.45714286 0.46666667 0.47619048 0.48571429 0.49523810 0.50476190
  0.51428571 0.52380952 0.53333333 0.54285714 0.55238095 0.56190476
  0.57142857 0.58095238 0.59047619 0.60000000 0.60952381 0.61904762
  0.62857143 0.63809524 0.64761905 0.65714286 0.66666667 0.67619048
  0.68571429 0.69523810 0.70476190 0.71428571 0.72380952 0.73333333
  0.74285714 0.75238095 0.76190476 0.77142857 0.78095238 0.79047619
  0.80000000 0.80952381 0.81904762 0.82857143 0.83809524 0.84761905
  0.85714286 0.86666667 0.87619048 0.88571429 0.89523810 0.90476190
  0.91428571 0.92380952 0.93333333 0.94285714 0.95238095 0.96190476
 0.97142857 0.98095238 0.99047619 1.00000000

0.2134001
